0 123.6338 0.000426193244 0.0195048637
1 122.6474 0.000426804033 0.0195085965
2 121.5076 0.000425444381 0.0194816514
3 120.6409 0.000425581182 0.0195121239
4 119.4554 0.00042418047 0.0195251693
5 118.4998 0.000421713914 0.0194895202
6 117.5137 0.000419023672 0.0194693232
7 116.3602 0.000416649701 0.0194864368
8 115.2557 0.00041411444 0.0194994041
9 114.3212 0.000410405588 0.0194983575
10 113.5226 0.000406466694 0.0194914865
11 112.3202 0.000401770839 0.0194993255
12 111.4163 0.000396971382 0.0195182833
13 110.4554 0.000391064916 0.0195163092
14 109.4139 0.000383704483 0.0194891374
15 108.3898 0.000374893004 0.0194944444
16 107.3979 0.00036356936 0.0194966618
17 106.4079 0.000347812017 0.0194879903
18 105.2777 0.000326479773 0.0194933283
19 104.3386 0.000296055428 0.0195104632
20 103.2191 0.000255746194 0.0194986157
21 102.4897 0.000199205584 0.0195147309
22 101.3961 8.60076838e-05 0.0194921855
23 100.2282 1.26149573e-05 0.0195072032
24 99.2654 -3.79288759e-06 0.0195321367